-195.8  -30.9 2967.0
-195.8  -36.1 2967.0
-195.8  -41.2 2967.0
-195.8  -46.4 2967.0
-192.3   10.4 2993.0
-194.0    5.2 3019.0
-195.7    0.0 3046.0
-194.0   -5.2 3019.0
-194.0  -10.5 3019.0
-192.3  -15.6 2993.0
-192.3  -20.8 2993.0
-192.3  -26.0 2993.0
-190.6  -30.9 2967.0
-190.6  -36.1 2967.0
-190.6  -41.2 2967.0
-190.6  -46.4 2967.0
-190.6  -51.5 2967.0
-185.5   41.2 2967.0
-185.5   36.1 2967.0
-185.5   30.9 2967.0
-185.5   25.8 2967.0
-185.5   20.6 2967.0
-185.5   15.5 2967.0
-187.1   10.4 2993.0
-187.1    5.2 2993.0
-187.1    0.0 2993.0
-187.1   -5.2 2993.0
-187.1  -10.4 2993.0
-187.1  -15.6 2993.0
-185.5  -20.6 2967.0
-185.5  -25.8 2967.0
-185.5  -30.9 2967.0
-185.5  -36.1 2967.0
-185.5  -41.2 2967.0
-185.5  -46.4 2967.0
-185.5  -51.5 2967.0
-185.5  -56.7 2967.0
-185.5  -61.8 2967.0
-180.3   56.7 2967.0
-180.3   51.5 2967.0
-180.3   46.4 2967.0
-180.3   41.2 2967.0
-180.3   36.1 2967.0
-180.3   30.9 2967.0
-180.3   25.8 2967.0
-180.3   20.6 2967.0
-180.3   15.5 2967.0
-180.3   10.3 2967.0
-181.9    5.2 2993.0
-181.9    0.0 2993.0
-181.9   -5.2 2993.0
-181.9  -10.4 2993.0
-180.3  -15.5 2967.0
-180.3  -20.6 2967.0
-180.3  -25.8 2967.0
-180.3  -30.9 2967.0
-180.3  -36.1 2967.0
-180.3  -41.2 2967.0
-180.3  -46.4 2967.0
-180.3  -51.5 2967.0
-180.3  -56.7 2967.0
-180.3  -61.8 2967.0
-180.3  -67.0 2967.0
-180.3  -72.1 2967.0
-175.2   61.8 2967.0
-175.2   56.7 2967.0
-175.2   51.5 2967.0
-175.2   46.4 2967.0
-175.2   41.2 2967.0
-175.2   36.1 2967.0
-175.2   30.9 2967.0
-175.2   25.8 2967.0
-175.2   20.6 2967.0
-175.2   15.5 2967.0
-175.2   10.3 2967.0
-175.2    5.2 2967.0
-176.7    0.0 2993.0
-176.7   -5.2 2993.0
-176.7  -10.4 2993.0
-175.2  -15.5 2967.0
-175.2  -20.6 2967.0
-175.2  -25.8 2967.0
-175.2  -30.9 2967.0
-175.2  -36.1 2967.0
-175.2  -41.2 2967.0
-175.2  -46.4 2967.0
-175.2  -51.5 2967.0
-175.2  -56.7 2967.0
-175.2  -61.8 2967.0
-175.2  -67.0 2967.0
-175.2  -72.1 2967.0
-175.2  -77.3 2967.0
-168.6   71.5 2942.0
-170.0   67.0 2967.0
-170.0   61.8 2967.0
-170.0   56.7 2967.0
-170.0   51.5 2967.0
-170.0   46.4 2967.0
-170.0   41.2 2967.0
-170.0   36.1 2967.0
-170.0   30.9 2967.0
-170.0   25.8 2967.0
-170.0   20.6 2967.0
-170.0   15.5 2967.0
-170.0   10.3 2967.0
-170.0    5.2 2967.0
-170.0    0.0 2967.0
-170.0   -5.2 2967.0
-170.0  -10.3 2967.0
-170.0  -15.5 2967.0
-170.0  -20.6 2967.0
-170.0  -25.8 2967.0
-170.0  -30.9 2967.0
-170.0  -36.1 2967.0
-168.6  -40.9 2942.0
-168.6  -46.0 2942.0
-170.0  -51.5 2967.0
-170.0  -56.7 2967.0
-170.0  -61.8 2967.0
-170.0  -67.0 2967.0
-170.0  -72.1 2967.0
-170.0  -77.3 2967.0
-170.0  -82.4 2967.0
-163.5   76.6 2942.0
-163.5   71.5 2942.0
-164.9   67.0 2967.0
-164.9   61.8 2967.0
-164.9   56.7 2967.0
-164.9   51.5 2967.0
-164.9   46.4 2967.0
-164.9   41.2 2967.0
-164.9   36.1 2967.0
-164.9   30.9 2967.0
-164.9   25.8 2967.0
-164.9   20.6 2967.0
-164.9   15.5 2967.0
-164.9   10.3 2967.0
-164.9    5.2 2967.0
-164.9    0.0 2967.0
-164.9   -5.2 2967.0
-164.9  -10.3 2967.0
-164.9  -15.5 2967.0
-164.9  -20.6 2967.0
-164.9  -25.8 2967.0
-164.9  -30.9 2967.0
-164.9  -36.1 2967.0
-163.5  -40.9 2942.0
-163.5  -46.0 2942.0
-164.9  -51.5 2967.0
-164.9  -56.7 2967.0
-164.9  -61.8 2967.0
-163.5  -66.4 2942.0
-163.5  -71.5 2942.0
-164.9  -77.3 2967.0
-164.9  -82.4 2967.0
-167.8  -89.1 3019.0
-158.4   81.7 2942.0
-158.4   76.6 2942.0
-158.4   71.5 2942.0
-159.7   67.0 2967.0
-159.7   61.8 2967.0
-159.7   56.7 2967.0
-159.7   51.5 2967.0
-159.7   46.4 2967.0
-158.4   40.9 2942.0
-158.4   35.8 2942.0
-158.4   30.7 2942.0
-158.4   25.5 2942.0
-158.4   20.4 2942.0
-158.4   15.3 2942.0
-158.4   10.2 2942.0
-158.4    5.1 2942.0
-158.4    0.0 2942.0
-158.4   -5.1 2942.0
-158.4  -10.2 2942.0
-158.4  -15.3 2942.0
-158.4  -20.4 2942.0
-158.4  -25.5 2942.0
-158.4  -30.7 2942.0
-158.4  -35.8 2942.0
-158.4  -40.9 2942.0
-158.4  -46.0 2942.0
-158.4  -51.1 2942.0
-158.4  -56.2 2942.0
-158.4  -61.3 2942.0
-158.4  -66.4 2942.0
-158.4  -71.5 2942.0
-159.7  -77.3 2967.0
-159.7  -82.4 2967.0
-159.7  -87.6 2967.0
-161.1  -93.6 2993.0
-161.1  -98.8 2993.0
-162.5 -104.9 3019.0
-153.3   81.7 2942.0
-153.3   76.6 2942.0
-153.3   71.5 2942.0
-153.3   66.4 2942.0
-153.3   61.3 2942.0
-153.3   56.2 2942.0
-153.3   51.1 2942.0
-153.3   46.0 2942.0
-153.3   40.9 2942.0
-153.3   35.8 2942.0
-153.3   30.7 2942.0
-153.3   25.5 2942.0
-152.0   20.3 2917.0
-152.0   15.2 2917.0
-152.0   10.1 2917.0
-153.3    5.1 2942.0
-153.3    0.0 2942.0
-153.3   -5.1 2942.0
-153.3  -10.2 2942.0
-153.3  -15.3 2942.0
-153.3  -20.4 2942.0
-153.3  -25.5 2942.0
-153.3  -30.7 2942.0
-153.3  -35.8 2942.0
-153.3  -40.9 2942.0
-153.3  -46.0 2942.0
-153.3  -51.1 2942.0
-153.3  -56.2 2942.0
-153.3  -61.3 2942.0
-153.3  -66.4 2942.0
-153.3  -71.5 2942.0
-154.6  -77.3 2967.0
-154.6  -82.4 2967.0
-154.6  -87.6 2967.0
-154.6  -92.7 2967.0
-155.9  -98.8 2993.0
-157.3 -104.9 3019.0
-157.3 -110.1 3019.0
-148.2   81.7 2942.0
-148.2   76.6 2942.0
-148.2   71.5 2942.0
-148.2   66.4 2942.0
-148.2   61.3 2942.0
-148.2   56.2 2942.0
-148.2   51.1 2942.0
-148.2   46.0 2942.0
-148.2   40.9 2942.0
-148.2   35.8 2942.0
-148.2   30.7 2942.0
-148.2   25.5 2942.0
-146.9   20.3 2917.0
-146.9   15.2 2917.0
-146.9   10.1 2917.0
-148.2    5.1 2942.0
-148.2    0.0 2942.0
-148.2   -5.1 2942.0
-148.2  -10.2 2942.0
-146.9  -15.2 2917.0
-148.2  -20.4 2942.0
-148.2  -25.5 2942.0
-148.2  -30.7 2942.0
-148.2  -35.8 2942.0
-148.2  -40.9 2942.0
-148.2  -46.0 2942.0
-148.2  -51.1 2942.0
-148.2  -56.2 2942.0
-148.2  -61.3 2942.0
-148.2  -66.4 2942.0
-148.2  -71.5 2942.0
-148.2  -76.6 2942.0
-149.4  -82.4 2967.0
-149.4  -87.6 2967.0
-149.4  -92.7 2967.0
-149.4  -97.9 2967.0
-150.7 -104.0 2993.0
-150.7 -109.2 2993.0
-150.7 -114.4 2993.0
-141.8   86.1 2917.0
-143.1   81.7 2942.0
-143.1   76.6 2942.0
-143.1   71.5 2942.0
-143.1   66.4 2942.0
-143.1   61.3 2942.0
-143.1   56.2 2942.0
-143.1   51.1 2942.0
-143.1   46.0 2942.0
-143.1   40.9 2942.0
-143.1   35.8 2942.0
-141.8   30.4 2917.0
-141.8   25.3 2917.0
-141.8   20.3 2917.0
-141.8   15.2 2917.0
-141.8   10.1 2917.0
-141.8    5.1 2917.0
-143.1    0.0 2942.0
-141.8   -5.1 2917.0
-141.8  -10.1 2917.0
-141.8  -15.2 2917.0
-141.8  -20.3 2917.0
-141.8  -25.3 2917.0
-141.8  -30.4 2917.0
-141.8  -35.5 2917.0
-141.8  -40.5 2917.0
-141.8  -45.6 2917.0
-141.8  -50.7 2917.0
-143.1  -56.2 2942.0
-143.1  -61.3 2942.0
-141.8  -65.9 2917.0
-143.1  -71.5 2942.0
-143.1  -76.6 2942.0
-143.1  -81.7 2942.0
-144.3  -87.6 2967.0
-144.3  -92.7 2967.0
-144.3  -97.9 2967.0
-145.5 -104.0 2993.0
-145.5 -109.2 2993.0
-145.5 -114.4 2993.0
-144.3 -118.5 2967.0
-144.3 -123.7 2967.0
-138.0   86.9 2942.0
-138.0   81.7 2942.0
-138.0   76.6 2942.0
-138.0   71.5 2942.0
-138.0   66.4 2942.0
-138.0   61.3 2942.0
-138.0   56.2 2942.0
-138.0   51.1 2942.0
-136.8   45.6 2917.0
-136.8   40.5 2917.0
-136.8   35.5 2917.0
-136.8   30.4 2917.0
-136.8   25.3 2917.0
-136.8   20.3 2917.0
-136.8   15.2 2917.0
-136.8   10.1 2917.0
-136.8    5.1 2917.0
-136.8    0.0 2917.0
-136.8   -5.1 2917.0
-136.8  -10.1 2917.0
-136.8  -15.2 2917.0
-136.8  -20.3 2917.0
-136.8  -25.3 2917.0
-136.8  -30.4 2917.0
-136.8  -35.5 2917.0
-136.8  -40.5 2917.0
-136.8  -45.6 2917.0
-136.8  -50.7 2917.0
-136.8  -55.7 2917.0
-138.0  -61.3 2942.0
-136.8  -65.9 2917.0
-138.0  -71.5 2942.0
-138.0  -76.6 2942.0
-138.0  -81.7 2942.0
-138.0  -86.9 2942.0
-139.1  -92.7 2967.0
-139.1  -97.9 2967.0
-139.1 -103.1 2967.0
-139.1 -108.2 2967.0
-139.1 -113.4 2967.0
-139.1 -118.5 2967.0
-139.1 -123.7 2967.0
-139.1 -128.8 2967.0
-134.0   92.7 2967.0
-132.8   86.9 2942.0
-132.8   81.7 2942.0
-132.8   76.6 2942.0
-132.8   71.5 2942.0
-132.8   66.4 2942.0
-131.7   60.8 2917.0
-131.7   55.7 2917.0
-131.7   50.7 2917.0
-131.7   45.6 2917.0
-131.7   40.5 2917.0
-131.7   35.5 2917.0
-131.7   30.4 2917.0
-131.7   25.3 2917.0
-131.7   20.3 2917.0
-131.7   15.2 2917.0
-131.7   10.1 2917.0
-131.7    5.1 2917.0
-131.7    0.0 2917.0
-130.6   -5.0 2893.0
-130.6  -10.0 2893.0
-130.6  -15.1 2893.0
-130.6  -20.1 2893.0
-131.7  -25.3 2917.0
-131.7  -30.4 2917.0
-131.7  -35.5 2917.0
-130.6  -40.2 2893.0
-130.6  -45.2 2893.0
-131.7  -50.7 2917.0
-131.7  -55.7 2917.0
-131.7  -60.8 2917.0
-131.7  -65.9 2917.0
-131.7  -70.9 2917.0
-131.7  -76.0 2917.0
-132.8  -81.7 2942.0
-132.8  -86.9 2942.0
-132.8  -92.0 2942.0
-132.8  -97.1 2942.0
-134.0 -103.1 2967.0
-134.0 -108.2 2967.0
-134.0 -113.4 2967.0
-134.0 -118.5 2967.0
-134.0 -123.7 2967.0
-134.0 -128.8 2967.0
-135.1 -135.1 2993.0
-128.8  103.1 2967.0
-128.8   97.9 2967.0
-128.8   92.7 2967.0
-127.7   86.9 2942.0
-127.7   81.7 2942.0
-127.7   76.6 2942.0
-127.7   71.5 2942.0
-127.7   66.4 2942.0
-126.6   60.8 2917.0
-126.6   55.7 2917.0
-126.6   50.7 2917.0
-125.6   45.2 2893.0
-125.6   40.2 2893.0
-125.6   35.2 2893.0
-125.6   30.1 2893.0
-125.6   25.1 2893.0
-125.6   20.1 2893.0
-125.6   15.1 2893.0
-126.6   10.1 2917.0
-126.6    5.1 2917.0
-125.6    0.0 2893.0
-125.6   -5.0 2893.0
-125.6  -10.0 2893.0
-125.6  -15.1 2893.0
-125.6  -20.1 2893.0
-125.6  -25.1 2893.0
-125.6  -30.1 2893.0
-125.6  -35.2 2893.0
-125.6  -40.2 2893.0
-125.6  -45.2 2893.0
-125.6  -50.2 2893.0
-126.6  -55.7 2917.0
-126.6  -60.8 2917.0
-126.6  -65.9 2917.0
-126.6  -70.9 2917.0
-126.6  -76.0 2917.0
-127.7  -81.7 2942.0
-127.7  -86.9 2942.0
-127.7  -92.0 2942.0
-127.7  -97.1 2942.0
-128.8 -103.1 2967.0
-128.8 -108.2 2967.0
-128.8 -113.4 2967.0
-128.8 -118.5 2967.0
-128.8 -123.7 2967.0
-128.8 -128.8 2967.0
-129.9 -135.1 2993.0
-128.8 -139.1 2967.0
-123.7  103.1 2967.0
-123.7   97.9 2967.0
-122.6   92.0 2942.0
-122.6   86.9 2942.0
-122.6   81.7 2942.0
-122.6   76.6 2942.0
-122.6   71.5 2942.0
-122.6   66.4 2942.0
-121.6   60.8 2917.0
-121.6   55.7 2917.0
-121.6   50.7 2917.0
-120.6   45.2 2893.0
-120.6   40.2 2893.0
-120.6   35.2 2893.0
-120.6   30.1 2893.0
-120.6   25.1 2893.0
-120.6   20.1 2893.0
-120.6   15.1 2893.0
-120.6   10.0 2893.0
-120.6    5.0 2893.0
-120.6    0.0 2893.0
-120.6   -5.0 2893.0
-120.6  -10.0 2893.0
-120.6  -15.1 2893.0
-120.6  -20.1 2893.0
-120.6  -25.1 2893.0
-119.6  -29.9 2869.0
-120.6  -35.2 2893.0
-120.6  -40.2 2893.0
-120.6  -45.2 2893.0
-120.6  -50.2 2893.0
-120.6  -55.3 2893.0
-121.6  -60.8 2917.0
-121.6  -65.9 2917.0
-121.6  -70.9 2917.0
-121.6  -76.0 2917.0
-122.6  -81.7 2942.0
-122.6  -86.9 2942.0
-122.6  -92.0 2942.0
-122.6  -97.1 2942.0
-122.6 -102.2 2942.0
-122.6 -107.3 2942.0
-123.7 -113.4 2967.0
-123.7 -118.5 2967.0
-123.7 -123.7 2967.0
-123.7 -128.8 2967.0
-123.7 -134.0 2967.0
-123.7 -139.1 2967.0
-122.6 -143.1 2942.0
-119.6  109.2 2993.0
-118.5  103.1 2967.0
-118.5   97.9 2967.0
-117.5   92.0 2942.0
-117.5   86.9 2942.0
-117.5   81.7 2942.0
-117.5   76.6 2942.0
-116.5   70.9 2917.0
-116.5   65.9 2917.0
-116.5   60.8 2917.0
-115.6   55.3 2893.0
-115.6   50.2 2893.0
-115.6   45.2 2893.0
-115.6   40.2 2893.0
-115.6   35.2 2893.0
-115.6   30.1 2893.0
-115.6   25.1 2893.0
-115.6   20.1 2893.0
-115.6   15.1 2893.0
-115.6   10.0 2893.0
-115.6    5.0 2893.0
-115.6    0.0 2893.0
-115.6   -5.0 2893.0
-115.6  -10.0 2893.0
-115.6  -15.1 2893.0
-115.6  -20.1 2893.0
-115.6  -25.1 2893.0
-115.6  -30.1 2893.0
-115.6  -35.2 2893.0
-115.6  -40.2 2893.0
-115.6  -45.2 2893.0
-115.6  -50.2 2893.0
-116.5  -55.7 2917.0
-116.5  -60.8 2917.0
-116.5  -65.9 2917.0
-116.5  -70.9 2917.0
-116.5  -76.0 2917.0
-116.5  -81.1 2917.0
-116.5  -86.1 2917.0
-116.5  -91.2 2917.0
-117.5  -97.1 2942.0
-117.5 -102.2 2942.0
-117.5 -107.3 2942.0
-117.5 -112.4 2942.0
-117.5 -117.5 2942.0
-118.5 -123.7 2967.0
-118.5 -128.8 2967.0
-118.5 -134.0 2967.0
-118.5 -139.1 2967.0
-118.5 -144.3 2967.0
-117.5 -148.2 2942.0
-114.4  114.4 2993.0
-113.4  108.2 2967.0
-113.4  103.1 2967.0
-113.4   97.9 2967.0
-112.4   92.0 2942.0
-112.4   86.9 2942.0
-112.4   81.7 2942.0
-111.4   76.0 2917.0
-111.4   70.9 2917.0
-111.4   65.9 2917.0
-110.5   60.3 2893.0
-110.5   55.3 2893.0
-110.5   50.2 2893.0
-110.5   45.2 2893.0
-110.5   40.2 2893.0
-110.5   35.2 2893.0
-110.5   30.1 2893.0
-110.5   25.1 2893.0
-110.5   20.1 2893.0
-110.5   15.1 2893.0
-110.5   10.0 2893.0
-110.5    5.0 2893.0
-110.5    0.0 2893.0
-110.5   -5.0 2893.0
-110.5  -10.0 2893.0
-109.6  -14.9 2869.0
-109.6  -19.9 2869.0
-110.5  -25.1 2893.0
-109.6  -29.9 2869.0
-110.5  -35.2 2893.0
-110.5  -40.2 2893.0
-110.5  -45.2 2893.0
-110.5  -50.2 2893.0
-110.5  -55.3 2893.0
-111.4  -60.8 2917.0
-110.5  -65.3 2893.0
-111.4  -70.9 2917.0
-111.4  -76.0 2917.0
-111.4  -81.1 2917.0
-111.4  -86.1 2917.0
-111.4  -91.2 2917.0
-112.4  -97.1 2942.0
-112.4 -102.2 2942.0
-112.4 -107.3 2942.0
-112.4 -112.4 2942.0
-112.4 -117.5 2942.0
-113.4 -123.7 2967.0
-113.4 -128.8 2967.0
-113.4 -134.0 2967.0
-113.4 -139.1 2967.0
-113.4 -144.3 2967.0
-113.4 -149.4 2967.0
-108.2  118.5 2967.0
-108.2  113.4 2967.0
-108.2  108.2 2967.0
-108.2  103.1 2967.0
-107.3   97.1 2942.0
-107.3   92.0 2942.0
-107.3   86.9 2942.0
-107.3   81.7 2942.0
-106.4   76.0 2917.0
-106.4   70.9 2917.0
-106.4   65.9 2917.0
-105.5   60.3 2893.0
-105.5   55.3 2893.0
-104.6   49.8 2869.0
-104.6   44.8 2869.0
-104.6   39.9 2869.0
-104.6   34.9 2869.0
-104.6   29.9 2869.0
-104.6   24.9 2869.0
-105.5   20.1 2893.0
-105.5   15.1 2893.0
-105.5   10.0 2893.0
-105.5    5.0 2893.0
-105.5    0.0 2893.0
-105.5   -5.0 2893.0
-105.5  -10.0 2893.0
-104.6  -14.9 2869.0
-104.6  -19.9 2869.0
-104.6  -24.9 2869.0
-104.6  -29.9 2869.0
-105.5  -35.2 2893.0
-105.5  -40.2 2893.0
-105.5  -45.2 2893.0
-105.5  -50.2 2893.0
-105.5  -55.3 2893.0
-106.4  -60.8 2917.0
-106.4  -65.9 2917.0
-106.4  -70.9 2917.0
-106.4  -76.0 2917.0
-106.4  -81.1 2917.0
-106.4  -86.1 2917.0
-106.4  -91.2 2917.0
-107.3  -97.1 2942.0
-107.3 -102.2 2942.0
-107.3 -107.3 2942.0
-107.3 -112.4 2942.0
-107.3 -117.5 2942.0
-107.3 -122.6 2942.0
-107.3 -127.7 2942.0
-108.2 -134.0 2967.0
-108.2 -139.1 2967.0
-108.2 -144.3 2967.0
-108.2 -149.4 2967.0
-108.2 -154.6 2967.0
-103.1  118.5 2967.0
-103.1  113.4 2967.0
-103.1  108.2 2967.0
-103.1  103.1 2967.0
-102.2   97.1 2942.0
-102.2   92.0 2942.0
-102.2   86.9 2942.0
-102.2   81.7 2942.0
-101.3   76.0 2917.0
-101.3   70.9 2917.0
-101.3   65.9 2917.0
-100.5   60.3 2893.0
 -99.6   54.8 2869.0
 -99.6   49.8 2869.0
 -99.6   44.8 2869.0
 -99.6   39.9 2869.0
 -99.6   34.9 2869.0
 -99.6   29.9 2869.0
 -99.6   24.9 2869.0
-100.5   20.1 2893.0
-100.5   15.1 2893.0
-100.5   10.0 2893.0
-100.5    5.0 2893.0
-100.5    0.0 2893.0
-100.5   -5.0 2893.0
 -99.6  -10.0 2869.0
 -99.6  -14.9 2869.0
 -99.6  -19.9 2869.0
 -99.6  -24.9 2869.0
 -99.6  -29.9 2869.0
 -99.6  -34.9 2869.0
 -99.6  -39.9 2869.0
-100.5  -45.2 2893.0
-100.5  -50.2 2893.0
-100.5  -55.3 2893.0
-100.5  -60.3 2893.0
-100.5  -65.3 2893.0
-101.3  -70.9 2917.0
-101.3  -76.0 2917.0
-101.3  -81.1 2917.0
-102.2  -86.9 2942.0
-101.3  -91.2 2917.0
-102.2  -97.1 2942.0
-102.2 -102.2 2942.0
-102.2 -107.3 2942.0
-102.2 -112.4 2942.0
-102.2 -117.5 2942.0
-102.2 -122.6 2942.0
-102.2 -127.7 2942.0
-103.1 -134.0 2967.0
-103.1 -139.1 2967.0
-103.1 -144.3 2967.0
-103.1 -149.4 2967.0
-103.1 -154.6 2967.0
 -97.9  123.7 2967.0
 -97.9  118.5 2967.0
 -97.9  113.4 2967.0
 -97.9  108.2 2967.0
 -97.9  103.1 2967.0
 -97.1   97.1 2942.0
 -97.1   92.0 2942.0
 -97.1   86.9 2942.0
 -96.3   81.1 2917.0
 -95.5   75.4 2893.0
 -95.5   70.3 2893.0
 -95.5   65.3 2893.0
 -95.5   60.3 2893.0
 -94.7   54.8 2869.0
 -94.7   49.8 2869.0
 -94.7   44.8 2869.0
 -94.7   39.9 2869.0
 -94.7   34.9 2869.0
 -94.7   29.9 2869.0
 -95.5   25.1 2893.0
 -95.5   20.1 2893.0
 -95.5   15.1 2893.0
 -95.5   10.0 2893.0
 -95.5    5.0 2893.0
 -95.5    0.0 2893.0
 -95.5   -5.0 2893.0
 -95.5  -10.0 2893.0
 -94.7  -14.9 2869.0
 -94.7  -19.9 2869.0
 -94.7  -24.9 2869.0
 -94.7  -29.9 2869.0
 -94.7  -34.9 2869.0
 -94.7  -39.9 2869.0
 -94.7  -44.8 2869.0
 -94.7  -49.8 2869.0
 -95.5  -55.3 2893.0
 -95.5  -60.3 2893.0
 -96.3  -65.9 2917.0
 -96.3  -70.9 2917.0
 -96.3  -76.0 2917.0
 -96.3  -81.1 2917.0
 -96.3  -86.1 2917.0
 -96.3  -91.2 2917.0
 -96.3  -96.3 2917.0
 -96.3 -101.3 2917.0
 -96.3 -106.4 2917.0
 -97.1 -112.4 2942.0
 -97.1 -117.5 2942.0
 -97.1 -122.6 2942.0
 -97.1 -127.7 2942.0
 -97.9 -134.0 2967.0
 -97.9 -139.1 2967.0
 -97.9 -144.3 2967.0
 -97.9 -149.4 2967.0
 -97.9 -154.6 2967.0
 -92.7  134.0 2967.0
 -92.7  123.7 2967.0
 -92.7  118.5 2967.0
 -92.7  113.4 2967.0
 -92.0  107.3 2942.0
 -92.0  102.2 2942.0
 -92.0   97.1 2942.0
 -92.0   92.0 2942.0
 -91.2   86.1 2917.0
 -91.2   81.1 2917.0
 -90.4   75.4 2893.0
 -90.4   70.3 2893.0
 -90.4   65.3 2893.0
 -90.4   60.3 2893.0
 -90.4   55.3 2893.0
 -89.7   49.8 2869.0
 -89.7   44.8 2869.0
 -89.7   39.9 2869.0
 -89.7   34.9 2869.0
 -89.7   29.9 2869.0
 -89.7   24.9 2869.0
 -89.7   19.9 2869.0
 -90.4   15.1 2893.0
 -90.4   10.0 2893.0
 -89.7    5.0 2869.0
 -90.4    0.0 2893.0
 -89.7   -5.0 2869.0
 -89.7  -10.0 2869.0
 -89.7  -14.9 2869.0
 -89.7  -19.9 2869.0
 -89.7  -24.9 2869.0
 -89.7  -29.9 2869.0
 -89.7  -34.9 2869.0
 -89.7  -39.9 2869.0
 -89.7  -44.8 2869.0
 -89.7  -49.8 2869.0
 -90.4  -55.3 2893.0
 -90.4  -60.3 2893.0
 -90.4  -65.3 2893.0
 -90.4  -70.3 2893.0
 -91.2  -76.0 2917.0
 -91.2  -81.1 2917.0
 -91.2  -86.1 2917.0
 -91.2  -91.2 2917.0
 -91.2  -96.3 2917.0
 -91.2 -101.3 2917.0
 -92.0 -107.3 2942.0
 -92.0 -112.4 2942.0
 -92.0 -117.5 2942.0
 -92.0 -122.6 2942.0
 -92.0 -127.7 2942.0
 -92.7 -134.0 2967.0
 -92.7 -139.1 2967.0
 -92.7 -144.3 2967.0
 -92.7 -149.4 2967.0
 -92.7 -154.6 2967.0
 -92.7 -159.7 2967.0
 -86.9  143.1 2942.0
 -86.9  138.0 2942.0
 -86.9  132.8 2942.0
 -87.6  128.8 2967.0
 -87.6  123.7 2967.0
 -87.6  118.5 2967.0
 -87.6  113.4 2967.0
 -87.6  108.2 2967.0
 -86.9  102.2 2942.0
 -86.9   97.1 2942.0
 -86.9   92.0 2942.0
 -86.1   86.1 2917.0
 -86.1   81.1 2917.0
 -85.4   75.4 2893.0
 -85.4   70.3 2893.0
 -85.4   65.3 2893.0
 -85.4   60.3 2893.0
 -85.4   55.3 2893.0
 -85.4   50.2 2893.0
 -84.7   44.8 2869.0
 -84.7   39.9 2869.0
 -85.4   35.2 2893.0
 -85.4   30.1 2893.0
 -85.4   25.1 2893.0
 -85.4   20.1 2893.0
 -85.4   15.1 2893.0
 -85.4   10.0 2893.0
 -85.4    5.0 2893.0
 -85.4    0.0 2893.0
 -84.7   -5.0 2869.0
 -84.7  -10.0 2869.0
 -84.7  -14.9 2869.0
 -84.7  -19.9 2869.0
 -84.7  -24.9 2869.0
 -84.7  -29.9 2869.0
 -84.7  -34.9 2869.0
 -84.7  -39.9 2869.0
 -84.7  -44.8 2869.0
 -84.7  -49.8 2869.0
 -84.7  -54.8 2869.0
 -84.7  -59.8 2869.0
 -85.4  -65.3 2893.0
 -85.4  -70.3 2893.0
 -86.1  -76.0 2917.0
 -86.1  -81.1 2917.0
 -86.1  -86.1 2917.0
 -86.1  -91.2 2917.0
 -86.1  -96.3 2917.0
 -86.1 -101.3 2917.0
 -86.1 -106.4 2917.0
 -86.9 -112.4 2942.0
 -86.9 -117.5 2942.0
 -86.9 -122.6 2942.0
 -86.9 -127.7 2942.0
 -86.9 -132.8 2942.0
 -86.9 -138.0 2942.0
 -87.6 -144.3 2967.0
 -87.6 -149.4 2967.0
 -87.6 -154.6 2967.0
 -87.6 -159.7 2967.0
 -81.7  143.1 2942.0
 -81.7  138.0 2942.0
 -81.7  132.8 2942.0
 -81.7  127.7 2942.0
 -82.4  123.7 2967.0
 -82.4  118.5 2967.0
 -82.4  113.4 2967.0
 -81.7  107.3 2942.0
 -81.7  102.2 2942.0
 -81.7   97.1 2942.0
 -81.7   92.0 2942.0
 -81.1   86.1 2917.0
 -81.1   81.1 2917.0
 -80.4   75.4 2893.0
 -80.4   70.3 2893.0
 -80.4   65.3 2893.0
 -80.4   60.3 2893.0
 -79.7   54.8 2869.0
 -79.7   49.8 2869.0
 -79.7   44.8 2869.0
 -79.7   39.9 2869.0
 -79.7   34.9 2869.0
 -79.7   29.9 2869.0
 -79.7   24.9 2869.0
 -80.4   20.1 2893.0
 -80.4   15.1 2893.0
 -79.7   10.0 2869.0
 -79.7    5.0 2869.0
 -79.7    0.0 2869.0
 -79.7   -5.0 2869.0
 -79.7  -10.0 2869.0
 -79.7  -14.9 2869.0
 -79.7  -19.9 2869.0
 -79.7  -24.9 2869.0
 -79.7  -29.9 2869.0
 -79.7  -34.9 2869.0
 -79.7  -39.9 2869.0
 -79.7  -44.8 2869.0
 -79.7  -49.8 2869.0
 -79.7  -54.8 2869.0
 -79.7  -59.8 2869.0
 -79.7  -64.8 2869.0
 -80.4  -70.3 2893.0
 -80.4  -75.4 2893.0
 -81.1  -81.1 2917.0
 -81.1  -86.1 2917.0
 -81.1  -91.2 2917.0
 -81.1  -96.3 2917.0
 -81.1 -101.3 2917.0
 -81.7 -107.3 2942.0
 -81.7 -112.4 2942.0
 -81.7 -117.5 2942.0
 -81.7 -122.6 2942.0
 -81.7 -127.7 2942.0
 -82.4 -134.0 2967.0
 -82.4 -139.1 2967.0
 -82.4 -144.3 2967.0
 -82.4 -149.4 2967.0
 -82.4 -154.6 2967.0
 -82.4 -159.7 2967.0
 -76.6  138.0 2942.0
 -76.6  132.8 2942.0
 -76.6  127.7 2942.0
 -76.6  122.6 2942.0
 -76.6  117.5 2942.0
 -76.6  112.4 2942.0
 -76.6  107.3 2942.0
 -76.6  102.2 2942.0
 -76.6   97.1 2942.0
 -76.0   91.2 2917.0
 -76.0   86.1 2917.0
 -76.0   81.1 2917.0
 -75.4   75.4 2893.0
 -75.4   70.3 2893.0
 -75.4   65.3 2893.0
 -75.4   60.3 2893.0
 -75.4   55.3 2893.0
 -75.4   50.2 2893.0
 -74.7   44.8 2869.0
 -74.7   39.9 2869.0
 -74.7   34.9 2869.0
 -74.7   29.9 2869.0
 -74.7   24.9 2869.0
 -74.7   19.9 2869.0
 -75.4   15.1 2893.0
 -74.7   10.0 2869.0
 -74.7    5.0 2869.0
 -74.7    0.0 2869.0
 -74.7   -5.0 2869.0
 -74.7  -10.0 2869.0
 -74.7  -14.9 2869.0
 -74.7  -19.9 2869.0
 -74.7  -24.9 2869.0
 -74.7  -29.9 2869.0
 -74.7  -34.9 2869.0
 -74.7  -39.9 2869.0
 -74.7  -44.8 2869.0
 -74.7  -49.8 2869.0
 -74.7  -54.8 2869.0
 -74.7  -59.8 2869.0
 -74.7  -64.8 2869.0
 -75.4  -70.3 2893.0
 -75.4  -75.4 2893.0
 -76.0  -81.1 2917.0
 -76.0  -86.1 2917.0
 -76.0  -91.2 2917.0
 -76.0  -96.3 2917.0
 -76.6 -102.2 2942.0
 -76.6 -107.3 2942.0
 -76.6 -112.4 2942.0
 -76.6 -117.5 2942.0
 -76.6 -122.6 2942.0
 -76.6 -127.7 2942.0
 -77.3 -134.0 2967.0
 -76.6 -138.0 2942.0
 -76.6 -143.1 2942.0
 -76.6 -148.2 2942.0
 -76.6 -153.3 2942.0
 -77.3 -159.7 2967.0
 -71.5  132.8 2942.0
 -71.5  127.7 2942.0
 -71.5  122.6 2942.0
 -71.5  117.5 2942.0
 -71.5  112.4 2942.0
 -71.5  107.3 2942.0
 -71.5  102.2 2942.0
 -70.9   96.3 2917.0
 -70.9   91.2 2917.0
 -70.9   86.1 2917.0
 -70.3   80.4 2893.0
 -70.3   75.4 2893.0
 -70.3   70.3 2893.0
 -70.3   65.3 2893.0
 -70.3   60.3 2893.0
 -70.3   55.3 2893.0
 -70.3   50.2 2893.0
 -70.3   45.2 2893.0
 -69.8   39.9 2869.0
 -69.8   34.9 2869.0
 -69.8   29.9 2869.0
 -69.8   24.9 2869.0
 -69.8   19.9 2869.0
 -70.3   15.1 2893.0
 -69.8   10.0 2869.0
 -69.8    5.0 2869.0
 -69.8    0.0 2869.0
 -69.8   -5.0 2869.0
 -69.8  -10.0 2869.0
 -69.8  -14.9 2869.0
 -69.8  -19.9 2869.0
 -69.8  -24.9 2869.0
 -69.8  -29.9 2869.0
 -69.8  -34.9 2869.0
 -69.8  -39.9 2869.0
 -69.8  -44.8 2869.0
 -69.8  -49.8 2869.0
 -69.8  -54.8 2869.0
 -69.8  -59.8 2869.0
 -69.8  -64.8 2869.0
 -70.3  -70.3 2893.0
 -69.8  -74.7 2869.0
 -70.3  -80.4 2893.0
 -70.3  -85.4 2893.0
 -70.9  -91.2 2917.0
 -70.9  -96.3 2917.0
 -70.9 -101.3 2917.0
 -71.5 -107.3 2942.0
 -71.5 -112.4 2942.0
 -71.5 -117.5 2942.0
 -71.5 -122.6 2942.0
 -71.5 -127.7 2942.0
 -71.5 -132.8 2942.0
 -71.5 -138.0 2942.0
 -71.5 -143.1 2942.0
 -71.5 -148.2 2942.0
 -71.5 -153.3 2942.0
 -72.1 -159.7 2967.0
 -65.9  131.7 2917.0
 -66.4  127.7 2942.0
 -66.4  122.6 2942.0
 -66.4  117.5 2942.0
 -66.4  112.4 2942.0
 -66.4  107.3 2942.0
 -66.4  102.2 2942.0
 -65.9   96.3 2917.0
 -65.9   91.2 2917.0
 -65.9   86.1 2917.0
 -65.9   81.1 2917.0
 -65.3   75.4 2893.0
 -65.3   70.3 2893.0
 -65.3   65.3 2893.0
 -65.3   60.3 2893.0
 -65.3   55.3 2893.0
 -65.3   50.2 2893.0
 -65.3   45.2 2893.0
 -64.8   39.9 2869.0
 -64.8   34.9 2869.0
 -64.8   29.9 2869.0
 -64.8   24.9 2869.0
 -64.8   19.9 2869.0
 -64.8   14.9 2869.0
 -64.8   10.0 2869.0
 -64.8    5.0 2869.0
 -64.8    0.0 2869.0
 -64.8   -5.0 2869.0
 -64.8  -10.0 2869.0
 -64.8  -14.9 2869.0
 -64.8  -19.9 2869.0
 -64.8  -24.9 2869.0
 -64.8  -29.9 2869.0
 -64.8  -34.9 2869.0
 -64.8  -39.9 2869.0
 -64.8  -44.8 2869.0
 -64.8  -49.8 2869.0
 -64.8  -54.8 2869.0
 -64.8  -59.8 2869.0
 -64.8  -64.8 2869.0
 -64.8  -69.8 2869.0
 -64.8  -74.7 2869.0
 -64.8  -79.7 2869.0
 -64.8  -84.7 2869.0
 -65.3  -90.4 2893.0
 -65.9  -96.3 2917.0
 -65.9 -101.3 2917.0
 -66.4 -107.3 2942.0
 -66.4 -112.4 2942.0
 -66.4 -117.5 2942.0
 -66.4 -122.6 2942.0
 -66.4 -127.7 2942.0
 -67.0 -134.0 2967.0
 -66.4 -138.0 2942.0
 -66.4 -143.1 2942.0
 -66.4 -148.2 2942.0
 -66.4 -153.3 2942.0
 -60.8  131.7 2917.0
 -61.3  127.7 2942.0
 -61.3  122.6 2942.0
 -61.3  117.5 2942.0
 -61.3  112.4 2942.0
 -61.3  107.3 2942.0
 -61.3  102.2 2942.0
 -60.8   96.3 2917.0
 -60.8   91.2 2917.0
 -60.8   86.1 2917.0
 -60.3   80.4 2893.0
 -60.3   75.4 2893.0
 -60.3   70.3 2893.0
 -60.3   65.3 2893.0
 -59.8   59.8 2869.0
 -59.8   54.8 2869.0
 -59.8   49.8 2869.0
 -59.8   44.8 2869.0
 -59.8   39.9 2869.0
 -59.8   34.9 2869.0
 -59.8   29.9 2869.0
 -59.8   24.9 2869.0
 -59.8   19.9 2869.0
 -59.8   14.9 2869.0
 -59.8   10.0 2869.0
 -59.8    5.0 2869.0
 -59.8    0.0 2869.0
 -59.8   -5.0 2869.0
 -59.8  -10.0 2869.0
 -59.8  -14.9 2869.0
 -59.8  -19.9 2869.0
 -59.8  -24.9 2869.0
 -59.8  -29.9 2869.0
 -59.8  -34.9 2869.0
 -59.8  -39.9 2869.0
 -59.8  -44.8 2869.0
 -59.8  -49.8 2869.0
 -59.8  -54.8 2869.0
 -59.8  -59.8 2869.0
 -59.8  -64.8 2869.0
 -59.8  -69.8 2869.0
 -59.8  -74.7 2869.0
 -59.8  -79.7 2869.0
 -59.8  -84.7 2869.0
 -60.3  -90.4 2893.0
 -60.3  -95.5 2893.0
 -60.8 -101.3 2917.0
 -61.3 -107.3 2942.0
 -61.3 -112.4 2942.0
 -61.3 -117.5 2942.0
 -61.3 -122.6 2942.0
 -61.3 -127.7 2942.0
 -61.8 -134.0 2967.0
 -61.8 -139.1 2967.0
 -61.8 -144.3 2967.0
 -61.3 -148.2 2942.0
 -61.3 -153.3 2942.0
 -61.8 -159.7 2967.0
 -54.8  134.5 2869.0
 -55.3  130.6 2893.0
 -55.7  126.6 2917.0
 -56.2  122.6 2942.0
 -56.2  117.5 2942.0
 -56.2  112.4 2942.0
 -56.2  107.3 2942.0
 -56.2  102.2 2942.0
 -55.7   96.3 2917.0
 -55.7   91.2 2917.0
 -55.7   86.1 2917.0
 -55.3   80.4 2893.0
 -55.3   75.4 2893.0
 -55.3   70.3 2893.0
 -55.3   65.3 2893.0
 -55.3   60.3 2893.0
 -54.8   54.8 2869.0
 -54.8   49.8 2869.0
 -54.8   44.8 2869.0
 -54.8   39.9 2869.0
 -54.8   34.9 2869.0
 -54.8   29.9 2869.0
 -54.3   24.7 2845.0
 -54.8   19.9 2869.0
 -54.8   14.9 2869.0
 -54.8   10.0 2869.0
 -54.8    5.0 2869.0
 -54.8    0.0 2869.0
 -54.8   -5.0 2869.0
 -54.8  -10.0 2869.0
 -54.8  -14.9 2869.0
 -54.8  -19.9 2869.0
 -54.8  -24.9 2869.0
 -54.8  -29.9 2869.0
 -54.8  -34.9 2869.0
 -54.8  -39.9 2869.0
 -54.8  -44.8 2869.0
 -54.8  -49.8 2869.0
 -54.8  -54.8 2869.0
 -54.8  -59.8 2869.0
 -54.8  -64.8 2869.0
 -54.8  -69.8 2869.0
 -54.8  -74.7 2869.0
 -54.8  -79.7 2869.0
 -54.8  -84.7 2869.0
 -55.3  -90.4 2893.0
 -55.3  -95.5 2893.0
 -55.7 -101.3 2917.0
 -56.2 -107.3 2942.0
 -56.2 -112.4 2942.0
 -56.2 -117.5 2942.0
 -56.2 -122.6 2942.0
 -56.2 -127.7 2942.0
 -56.2 -132.8 2942.0
 -56.2 -138.0 2942.0
 -55.7 -141.8 2917.0
 -56.2 -148.2 2942.0
 -56.2 -153.3 2942.0
 -56.7 -159.7 2967.0
 -56.7 -164.9 2967.0
 -49.8  144.5 2869.0
 -49.8  139.5 2869.0
 -49.8  134.5 2869.0
 -50.2  130.6 2893.0
 -50.7  126.6 2917.0
 -51.1  122.6 2942.0
 -51.1  117.5 2942.0
 -51.1  112.4 2942.0
 -51.1  107.3 2942.0
 -51.1  102.2 2942.0
 -50.7   96.3 2917.0
 -50.7   91.2 2917.0
 -50.7   86.1 2917.0
 -50.2   80.4 2893.0
 -50.2   75.4 2893.0
 -50.2   70.3 2893.0
 -49.8   64.8 2869.0
 -49.8   59.8 2869.0
 -49.8   54.8 2869.0
 -49.8   49.8 2869.0
 -49.8   44.8 2869.0
 -49.8   39.9 2869.0
 -49.8   34.9 2869.0
 -49.8   29.9 2869.0
 -49.8   24.9 2869.0
 -49.8   19.9 2869.0
 -49.8   14.9 2869.0
 -49.8   10.0 2869.0
 -49.8    5.0 2869.0
 -49.8    0.0 2869.0
 -49.8   -5.0 2869.0
 -49.8  -10.0 2869.0
 -49.8  -14.9 2869.0
 -49.8  -19.9 2869.0
 -49.8  -24.9 2869.0
 -49.8  -29.9 2869.0
 -49.8  -34.9 2869.0
 -49.8  -39.9 2869.0
 -49.8  -44.8 2869.0
 -49.8  -49.8 2869.0
 -49.8  -54.8 2869.0
 -49.8  -59.8 2869.0
 -49.8  -64.8 2869.0
 -49.8  -69.8 2869.0
 -49.8  -74.7 2869.0
 -49.8  -79.7 2869.0
 -49.8  -84.7 2869.0
 -49.8  -89.7 2869.0
 -50.2  -95.5 2893.0
 -50.2 -100.5 2893.0
 -50.7 -106.4 2917.0
 -51.1 -112.4 2942.0
 -51.1 -117.5 2942.0
 -51.1 -122.6 2942.0
 -51.1 -127.7 2942.0
 -51.1 -132.8 2942.0
 -51.1 -138.0 2942.0
 -51.1 -143.1 2942.0
 -51.1 -148.2 2942.0
 -51.5 -154.6 2967.0
 -51.5 -159.7 2967.0
 -51.5 -164.9 2967.0
 -44.5  143.3 2845.0
 -44.5  138.3 2845.0
 -44.8  134.5 2869.0
 -44.8  129.5 2869.0
 -45.2  125.6 2893.0
 -45.6  121.6 2917.0
 -46.0  117.5 2942.0
 -46.0  112.4 2942.0
 -46.0  107.3 2942.0
 -45.6  101.3 2917.0
 -45.6   96.3 2917.0
 -45.6   91.2 2917.0
 -45.2   85.4 2893.0
 -45.2   80.4 2893.0
 -44.8   74.7 2869.0
 -44.8   69.8 2869.0
 -44.8   64.8 2869.0
 -44.8   59.8 2869.0
 -44.8   54.8 2869.0
 -44.8   49.8 2869.0
 -44.8   44.8 2869.0
 -44.8   39.9 2869.0
 -44.8   34.9 2869.0
 -44.5   29.6 2845.0
 -44.5   24.7 2845.0
 -44.5   19.8 2845.0
 -44.5   14.8 2845.0
 -44.8   10.0 2869.0
 -44.8    5.0 2869.0
 -44.8    0.0 2869.0
 -44.8   -5.0 2869.0
 -44.8  -10.0 2869.0
 -44.8  -14.9 2869.0
 -44.8  -19.9 2869.0
 -44.8  -24.9 2869.0
 -44.8  -29.9 2869.0
 -44.8  -34.9 2869.0
 -44.8  -39.9 2869.0
 -44.8  -44.8 2869.0
 -44.8  -49.8 2869.0
 -44.8  -54.8 2869.0
 -44.8  -59.8 2869.0
 -44.8  -64.8 2869.0
 -44.8  -69.8 2869.0
 -44.8  -74.7 2869.0
 -44.8  -79.7 2869.0
 -44.8  -84.7 2869.0
 -45.2  -90.4 2893.0
 -45.2  -95.5 2893.0
 -45.6 -101.3 2917.0
 -45.6 -106.4 2917.0
 -46.0 -112.4 2942.0
 -46.0 -117.5 2942.0
 -46.0 -122.6 2942.0
 -46.0 -127.7 2942.0
 -46.0 -132.8 2942.0
 -46.0 -138.0 2942.0
 -46.0 -143.1 2942.0
 -46.0 -148.2 2942.0
 -46.0 -153.3 2942.0
 -46.0 -158.4 2942.0
 -46.0 -163.5 2942.0
 -39.5  138.3 2845.0
 -39.9  134.5 2869.0
 -39.9  129.5 2869.0
 -40.5  126.6 2917.0
 -40.9  122.6 2942.0
 -40.9  117.5 2942.0
 -40.9  112.4 2942.0
 -40.9  107.3 2942.0
 -40.5  101.3 2917.0
 -40.5   96.3 2917.0
 -40.5   91.2 2917.0
 -40.2   85.4 2893.0
 -40.2   80.4 2893.0
 -39.9   74.7 2869.0
 -39.9   69.8 2869.0
 -39.9   64.8 2869.0
 -39.9   59.8 2869.0
 -39.9   54.8 2869.0
 -39.9   49.8 2869.0
 -39.9   44.8 2869.0
 -39.9   39.9 2869.0
 -39.9   34.9 2869.0
 -39.5   29.6 2845.0
 -39.5   24.7 2845.0
 -39.5   19.8 2845.0
 -39.9   14.9 2869.0
 -39.9   10.0 2869.0
 -39.9    5.0 2869.0
 -39.9    0.0 2869.0
 -39.9   -5.0 2869.0
 -39.9  -10.0 2869.0
 -39.9  -14.9 2869.0
 -39.9  -19.9 2869.0
 -39.9  -24.9 2869.0
 -39.9  -29.9 2869.0
 -39.9  -34.9 2869.0
 -39.9  -39.9 2869.0
 -39.9  -44.8 2869.0
 -39.9  -49.8 2869.0
 -39.9  -54.8 2869.0
 -39.9  -59.8 2869.0
 -39.9  -64.8 2869.0
 -39.9  -69.8 2869.0
 -39.9  -74.7 2869.0
 -39.9  -79.7 2869.0
 -39.9  -84.7 2869.0
 -40.2  -90.4 2893.0
 -40.2  -95.5 2893.0
 -40.5 -101.3 2917.0
 -40.5 -106.4 2917.0
 -40.5 -111.4 2917.0
 -40.9 -117.5 2942.0
 -40.9 -122.6 2942.0
 -40.9 -127.7 2942.0
 -40.9 -132.8 2942.0
 -40.9 -138.0 2942.0
 -40.9 -143.1 2942.0
 -40.9 -148.2 2942.0
 -40.9 -153.3 2942.0
 -40.9 -158.4 2942.0
 -41.2 -164.9 2967.0
 -34.6  128.5 2845.0
 -35.5  126.6 2917.0
 -35.8  122.6 2942.0
 -35.8  117.5 2942.0
 -35.8  112.4 2942.0
 -35.8  107.3 2942.0
 -35.5  101.3 2917.0
 -35.5   96.3 2917.0
 -35.5   91.2 2917.0
 -35.5   86.1 2917.0
 -35.2   80.4 2893.0
 -34.9   74.7 2869.0
 -34.9   69.8 2869.0
 -34.9   64.8 2869.0
 -34.9   59.8 2869.0
 -34.9   54.8 2869.0
 -34.9   49.8 2869.0
 -34.6   44.5 2845.0
 -34.6   39.5 2845.0
 -34.6   34.6 2845.0
 -34.6   29.6 2845.0
 -34.6   24.7 2845.0
 -34.6   19.8 2845.0
 -34.6   14.8 2845.0
 -34.9   10.0 2869.0
 -34.9    5.0 2869.0
 -34.9    0.0 2869.0
 -34.9   -5.0 2869.0
 -34.9  -10.0 2869.0
 -34.9  -14.9 2869.0
 -34.9  -19.9 2869.0
 -34.9  -24.9 2869.0
 -34.9  -29.9 2869.0
 -34.9  -34.9 2869.0
 -34.9  -39.9 2869.0
 -34.9  -44.8 2869.0
 -34.9  -49.8 2869.0
 -34.9  -54.8 2869.0
 -34.9  -59.8 2869.0
 -34.9  -64.8 2869.0
 -34.9  -69.8 2869.0
 -34.9  -74.7 2869.0
 -34.9  -79.7 2869.0
 -34.9  -84.7 2869.0
 -35.2  -90.4 2893.0
 -35.2  -95.5 2893.0
 -35.5 -101.3 2917.0
 -35.5 -106.4 2917.0
 -35.5 -111.4 2917.0
 -35.8 -117.5 2942.0
 -35.8 -122.6 2942.0
 -35.8 -127.7 2942.0
 -35.8 -132.8 2942.0
 -35.8 -138.0 2942.0
 -35.8 -143.1 2942.0
 -36.1 -149.4 2967.0
 -36.1 -154.6 2967.0
 -36.1 -159.7 2967.0
 -36.1 -164.9 2967.0
 -29.6  128.5 2845.0
 -30.7  127.7 2942.0
 -30.7  122.6 2942.0
 -30.7  117.5 2942.0
 -30.7  112.4 2942.0
 -30.7  107.3 2942.0
 -30.4  101.3 2917.0
 -30.4   96.3 2917.0
 -30.4   91.2 2917.0
 -30.4   86.1 2917.0
 -30.1   80.4 2893.0
 -30.1   75.4 2893.0
 -29.9   69.8 2869.0
 -29.9   64.8 2869.0
 -29.9   59.8 2869.0
 -29.9   54.8 2869.0
 -29.9   49.8 2869.0
 -29.9   44.8 2869.0
 -29.9   39.9 2869.0
 -29.9   34.9 2869.0
 -29.9   29.9 2869.0
 -29.9   24.9 2869.0
 -29.9   19.9 2869.0
 -29.9   14.9 2869.0
 -29.9   10.0 2869.0
 -29.9    5.0 2869.0
 -29.9    0.0 2869.0
 -29.9   -5.0 2869.0
 -29.9  -10.0 2869.0
 -29.9  -14.9 2869.0
 -29.9  -19.9 2869.0
 -29.9  -24.9 2869.0
 -29.9  -29.9 2869.0
 -29.9  -34.9 2869.0
 -29.9  -39.9 2869.0
 -29.9  -44.8 2869.0
 -29.9  -49.8 2869.0
 -29.9  -54.8 2869.0
 -29.9  -59.8 2869.0
 -29.9  -64.8 2869.0
 -29.9  -69.8 2869.0
 -29.9  -74.7 2869.0
 -29.9  -79.7 2869.0
 -29.9  -84.7 2869.0
 -30.1  -90.4 2893.0
 -30.1  -95.5 2893.0
 -30.4 -101.3 2917.0
 -30.4 -106.4 2917.0
 -30.4 -111.4 2917.0
 -30.7 -117.5 2942.0
 -30.7 -122.6 2942.0
 -30.7 -127.7 2942.0
 -30.7 -132.8 2942.0
 -30.7 -138.0 2942.0
 -30.7 -143.1 2942.0
 -30.7 -148.2 2942.0
 -30.7 -153.3 2942.0
 -30.7 -158.4 2942.0
 -30.7 -163.5 2942.0
 -25.5  132.8 2942.0
 -25.5  127.7 2942.0
 -25.5  122.6 2942.0
 -25.5  117.5 2942.0
 -25.5  112.4 2942.0
 -25.3  106.4 2917.0
 -25.3  101.3 2917.0
 -25.3   96.3 2917.0
 -25.3   91.2 2917.0
 -25.1   85.4 2893.0
 -25.1   80.4 2893.0
 -25.1   75.4 2893.0
 -24.9   69.8 2869.0
 -24.9   64.8 2869.0
 -24.9   59.8 2869.0
 -24.9   54.8 2869.0
 -24.9   49.8 2869.0
 -24.9   44.8 2869.0
 -24.9   39.9 2869.0
 -24.9   34.9 2869.0
 -24.9   29.9 2869.0
 -24.9   24.9 2869.0
 -24.9   19.9 2869.0
 -24.9   14.9 2869.0
 -24.9   10.0 2869.0
 -24.9    5.0 2869.0
 -24.9    0.0 2869.0
 -24.9   -5.0 2869.0
 -24.9  -10.0 2869.0
 -24.9  -14.9 2869.0
 -24.9  -19.9 2869.0
 -24.9  -24.9 2869.0
 -24.9  -29.9 2869.0
 -24.9  -34.9 2869.0
 -24.7  -39.5 2845.0
 -24.7  -44.5 2845.0
 -24.7  -49.4 2845.0
 -24.9  -54.8 2869.0
 -24.9  -59.8 2869.0
 -24.9  -64.8 2869.0
 -24.9  -69.8 2869.0
 -24.9  -74.7 2869.0
 -24.9  -79.7 2869.0
 -24.9  -84.7 2869.0
 -25.1  -90.4 2893.0
 -25.1  -95.5 2893.0
 -25.1 -100.5 2893.0
 -25.3 -106.4 2917.0
 -25.3 -111.4 2917.0
 -25.3 -116.5 2917.0
 -25.5 -122.6 2942.0
 -25.5 -127.7 2942.0
 -25.5 -132.8 2942.0
 -25.5 -138.0 2942.0
 -25.5 -143.1 2942.0
 -25.5 -148.2 2942.0
 -25.5 -153.3 2942.0
 -25.5 -158.4 2942.0
 -25.5 -163.5 2942.0
 -20.4  132.8 2942.0
 -20.4  127.7 2942.0
 -20.4  122.6 2942.0
 -20.4  117.5 2942.0
 -20.4  112.4 2942.0
 -20.4  107.3 2942.0
 -20.3  101.3 2917.0
 -20.3   96.3 2917.0
 -20.3   91.2 2917.0
 -20.3   86.1 2917.0
 -20.1   80.4 2893.0
 -20.1   75.4 2893.0
 -19.9   69.8 2869.0
 -19.9   64.8 2869.0
 -19.9   59.8 2869.0
 -19.9   54.8 2869.0
 -19.9   49.8 2869.0
 -19.9   44.8 2869.0
 -19.9   39.9 2869.0
 -19.9   34.9 2869.0
 -19.9   29.9 2869.0
 -19.9   24.9 2869.0
 -19.9   19.9 2869.0
 -19.9   14.9 2869.0
 -19.9   10.0 2869.0
 -19.9    5.0 2869.0
 -19.9    0.0 2869.0
 -19.9   -5.0 2869.0
 -19.9  -10.0 2869.0
 -19.9  -14.9 2869.0
 -19.9  -19.9 2869.0
 -19.9  -24.9 2869.0
 -19.9  -29.9 2869.0
 -19.9  -34.9 2869.0
 -19.8  -39.5 2845.0
 -19.9  -44.8 2869.0
 -19.9  -49.8 2869.0
 -19.9  -54.8 2869.0
 -19.9  -59.8 2869.0
 -19.9  -64.8 2869.0
 -19.9  -69.8 2869.0
 -19.9  -74.7 2869.0
 -19.9  -79.7 2869.0
 -19.9  -84.7 2869.0
 -20.1  -90.4 2893.0
 -20.1  -95.5 2893.0
 -20.1 -100.5 2893.0
 -20.3 -106.4 2917.0
 -20.3 -111.4 2917.0
 -20.3 -116.5 2917.0
 -20.4 -122.6 2942.0
 -20.4 -127.7 2942.0
 -20.4 -132.8 2942.0
 -20.4 -138.0 2942.0
 -20.4 -143.1 2942.0
 -20.4 -148.2 2942.0
 -20.4 -153.3 2942.0
 -20.3 -157.0 2917.0
 -20.4 -163.5 2942.0
 -15.3  127.7 2942.0
 -15.3  122.6 2942.0
 -15.3  117.5 2942.0
 -15.3  112.4 2942.0
 -15.3  107.3 2942.0
 -15.2  101.3 2917.0
 -15.2   96.3 2917.0
 -15.2   91.2 2917.0
 -15.2   86.1 2917.0
 -15.1   80.4 2893.0
 -15.1   75.4 2893.0
 -14.9   69.8 2869.0
 -14.9   64.8 2869.0
 -14.9   59.8 2869.0
 -14.9   54.8 2869.0
 -14.9   49.8 2869.0
 -14.9   44.8 2869.0
 -14.9   39.9 2869.0
 -14.9   34.9 2869.0
 -14.9   29.9 2869.0
 -14.9   24.9 2869.0
 -14.9   19.9 2869.0
 -14.9   14.9 2869.0
 -14.9   10.0 2869.0
 -14.9    5.0 2869.0
 -14.9    0.0 2869.0
 -14.9   -5.0 2869.0
 -14.9  -10.0 2869.0
 -14.8  -14.8 2845.0
 -14.8  -19.8 2845.0
 -14.8  -24.7 2845.0
 -14.9  -29.9 2869.0
 -14.9  -34.9 2869.0
 -14.8  -39.5 2845.0
 -14.9  -44.8 2869.0
 -14.9  -49.8 2869.0
 -14.9  -54.8 2869.0
 -14.9  -59.8 2869.0
 -14.9  -64.8 2869.0
 -14.9  -69.8 2869.0
 -14.9  -74.7 2869.0
 -14.9  -79.7 2869.0
 -14.9  -84.7 2869.0
 -15.1  -90.4 2893.0
 -15.1  -95.5 2893.0
 -15.1 -100.5 2893.0
 -15.1 -105.5 2893.0
 -15.2 -111.4 2917.0
 -15.2 -116.5 2917.0
 -15.3 -122.6 2942.0
 -15.3 -127.7 2942.0
 -15.3 -132.8 2942.0
 -15.3 -138.0 2942.0
 -15.3 -143.1 2942.0
 -15.3 -148.2 2942.0
 -15.2 -152.0 2917.0
 -15.2 -157.0 2917.0
 -15.3 -163.5 2942.0
 -10.2  127.7 2942.0
 -10.2  122.6 2942.0
 -10.2  117.5 2942.0
 -10.2  112.4 2942.0
 -10.2  107.3 2942.0
 -10.1  101.3 2917.0
 -10.1   96.3 2917.0
 -10.1   91.2 2917.0
 -10.1   86.1 2917.0
 -10.0   80.4 2893.0
 -10.0   75.4 2893.0
 -10.0   70.3 2893.0
 -10.0   64.8 2869.0
 -10.0   59.8 2869.0
 -10.0   54.8 2869.0
 -10.0   49.8 2869.0
 -10.0   44.8 2869.0
 -10.0   39.9 2869.0
 -10.0   34.9 2869.0
 -10.0   29.9 2869.0
 -10.0   24.9 2869.0
 -10.0   19.9 2869.0
 -10.0   14.9 2869.0
 -10.0   10.0 2869.0
 -10.0    5.0 2869.0
 -10.0    0.0 2869.0
 -10.0   -5.0 2869.0
 -10.0  -10.0 2869.0
  -9.9  -14.8 2845.0
  -9.9  -19.8 2845.0
  -9.9  -24.7 2845.0
 -10.0  -29.9 2869.0
 -10.0  -34.9 2869.0
  -9.9  -39.5 2845.0
  -9.9  -44.5 2845.0
 -10.0  -49.8 2869.0
 -10.0  -54.8 2869.0
 -10.0  -59.8 2869.0
 -10.0  -64.8 2869.0
 -10.0  -69.8 2869.0
 -10.0  -74.7 2869.0
 -10.0  -80.4 2893.0
 -10.0  -85.4 2893.0
 -10.0  -90.4 2893.0
 -10.0  -95.5 2893.0
 -10.1 -101.3 2917.0
 -10.0 -105.5 2893.0
 -10.1 -111.4 2917.0
 -10.1 -116.5 2917.0
 -10.1 -121.6 2917.0
 -10.1 -126.6 2917.0
 -10.2 -132.8 2942.0
 -10.2 -138.0 2942.0
 -10.2 -143.1 2942.0
 -10.1 -146.9 2917.0
 -10.1 -152.0 2917.0
 -10.1 -157.0 2917.0
  -5.1  127.7 2942.0
  -5.1  122.6 2942.0
  -5.1  117.5 2942.0
  -5.1  112.4 2942.0
  -5.1  106.4 2917.0
  -5.1  101.3 2917.0
  -5.1   96.3 2917.0
  -5.1   91.2 2917.0
  -5.1   86.1 2917.0
  -5.0   80.4 2893.0
  -5.0   75.4 2893.0
  -5.0   70.3 2893.0
  -5.0   65.3 2893.0
  -5.0   59.8 2869.0
  -5.0   54.8 2869.0
  -5.0   49.8 2869.0
  -5.0   44.8 2869.0
  -5.0   39.9 2869.0
  -5.0   34.9 2869.0
  -5.0   29.9 2869.0
  -5.0   24.9 2869.0
  -5.0   19.9 2869.0
  -5.0   14.9 2869.0
  -5.0   10.0 2869.0
  -5.0    5.0 2869.0
  -5.0    0.0 2869.0
  -5.0   -5.0 2869.0
  -5.0  -10.0 2869.0
  -4.9  -14.8 2845.0
  -4.9  -19.8 2845.0
  -4.9  -24.7 2845.0
  -5.0  -29.9 2869.0
  -5.0  -34.9 2869.0
  -5.0  -39.9 2869.0
  -5.0  -44.8 2869.0
  -5.0  -49.8 2869.0
  -5.0  -54.8 2869.0
  -5.0  -59.8 2869.0
  -5.0  -64.8 2869.0
  -5.0  -69.8 2869.0
  -5.0  -74.7 2869.0
  -5.0  -80.4 2893.0
  -5.0  -85.4 2893.0
  -5.0  -90.4 2893.0
  -5.1  -96.3 2917.0
  -5.1 -101.3 2917.0
  -5.1 -106.4 2917.0
  -5.1 -111.4 2917.0
  -5.1 -116.5 2917.0
  -5.1 -121.6 2917.0
  -5.1 -126.6 2917.0
  -5.1 -131.7 2917.0
  -5.1 -136.8 2917.0
  -5.1 -143.1 2942.0
  -5.1 -146.9 2917.0
  -5.1 -152.0 2917.0
  -5.1 -157.0 2917.0
   0.0  127.7 2942.0
   0.0  122.6 2942.0
   0.0  118.5 2967.0
   0.0  113.4 2967.0
   0.0  108.2 2967.0
   0.0  103.1 2967.0
   0.0   97.9 2967.0
   0.0   92.0 2942.0
   0.0   86.9 2942.0
   0.0   81.1 2917.0
   0.0   76.0 2917.0
   0.0   70.9 2917.0
   0.0   65.3 2893.0
   0.0   60.3 2893.0
   0.0   55.3 2893.0
   0.0   50.2 2893.0
   0.0   45.2 2893.0
   0.0   40.5 2917.0
   0.0   35.5 2917.0
   0.0   30.4 2917.0
   0.0   25.3 2917.0
   0.0   20.3 2917.0
   0.0   15.1 2893.0
   0.0   10.0 2893.0
   0.0    5.0 2893.0
   0.0    0.0 2893.0
   0.0   -5.0 2893.0
   0.0  -10.0 2893.0
   0.0  -14.9 2869.0
   0.0  -19.9 2869.0
   0.0  -24.9 2869.0
   0.0  -30.1 2893.0
   0.0  -35.2 2893.0
   0.0  -40.2 2893.0
   0.0  -45.2 2893.0
   0.0  -50.2 2893.0
   0.0  -55.3 2893.0
   0.0  -60.3 2893.0
   0.0  -65.3 2893.0
   0.0  -70.3 2893.0
   0.0  -75.4 2893.0
   0.0  -80.4 2893.0
   0.0  -86.1 2917.0
   0.0  -91.2 2917.0
   0.0  -96.3 2917.0
   0.0 -102.2 2942.0
   0.0 -106.4 2917.0
   0.0 -111.4 2917.0
   0.0 -117.5 2942.0
   0.0 -122.6 2942.0
   0.0 -127.7 2942.0
   0.0 -132.8 2942.0
   0.0 -138.0 2942.0
   0.0 -144.3 2967.0
   0.0 -148.2 2942.0
   0.0 -153.3 2942.0
   0.0 -157.0 2917.0
   5.2  128.8 2967.0
   5.2  123.7 2967.0
   5.2  118.5 2967.0
   5.2  113.4 2967.0
   5.2  108.2 2967.0
   5.2  103.1 2967.0
   5.2   97.9 2967.0
   5.1   92.0 2942.0
   5.1   86.9 2942.0
   5.1   81.1 2917.0
   5.1   76.0 2917.0
   5.1   70.9 2917.0
   5.1   65.9 2917.0
   5.0   60.3 2893.0
   5.0   55.3 2893.0
   5.1   50.7 2917.0
   5.1   45.6 2917.0
   5.1   40.5 2917.0
   5.1   35.5 2917.0
   5.1   30.4 2917.0
   5.1   25.3 2917.0
   5.1   20.3 2917.0
   5.0   15.1 2893.0
   5.0   10.0 2893.0
   5.0    5.0 2893.0
   5.0    0.0 2893.0
   5.0   -5.0 2893.0
   5.0  -10.0 2893.0
   5.0  -14.9 2869.0
   5.0  -19.9 2869.0
   5.0  -24.9 2869.0
   5.0  -30.1 2893.0
   5.0  -35.2 2893.0
   5.0  -40.2 2893.0
   5.0  -45.2 2893.0
   5.0  -50.2 2893.0
   5.0  -55.3 2893.0
   5.0  -60.3 2893.0
   5.0  -65.3 2893.0
   5.0  -70.3 2893.0
   5.0  -75.4 2893.0
   5.0  -80.4 2893.0
   5.1  -86.1 2917.0
   5.1  -91.2 2917.0
   5.1  -96.3 2917.0
   5.1 -102.2 2942.0
   5.1 -107.3 2942.0
   5.1 -111.4 2917.0
   5.1 -117.5 2942.0
   5.1 -122.6 2942.0
   5.2 -128.8 2967.0
   5.1 -132.8 2942.0
   5.2 -139.1 2967.0
   5.2 -144.3 2967.0
   5.2 -149.4 2967.0
   5.2 -154.6 2967.0
  10.3  123.7 2967.0
  10.3  118.5 2967.0
  10.3  113.4 2967.0
  10.3  108.2 2967.0
  10.3  103.1 2967.0
  10.3   97.9 2967.0
  10.2   92.0 2942.0
  10.2   86.9 2942.0
  10.2   81.7 2942.0
  10.1   76.0 2917.0
  10.1   70.9 2917.0
  10.1   65.9 2917.0
  10.0   60.3 2893.0
  10.0   55.3 2893.0
  10.0   50.2 2893.0
  10.0   45.2 2893.0
  10.1   40.5 2917.0
  10.1   35.5 2917.0
  10.0   30.1 2893.0
  10.0   25.1 2893.0
  10.0   20.1 2893.0
  10.0   15.1 2893.0
  10.0   10.0 2893.0
  10.0    5.0 2893.0
  10.0    0.0 2893.0
  10.0   -5.0 2869.0
  10.0  -10.0 2893.0
  10.0  -15.1 2893.0
  10.0  -19.9 2869.0
  10.0  -24.9 2869.0
  10.0  -30.1 2893.0
  10.0  -35.2 2893.0
  10.0  -40.2 2893.0
  10.0  -45.2 2893.0
  10.0  -50.2 2893.0
  10.0  -55.3 2893.0
  10.0  -60.3 2893.0
  10.0  -65.3 2893.0
  10.0  -70.3 2893.0
  10.0  -75.4 2893.0
  10.0  -80.4 2893.0
  10.0  -85.4 2893.0
  10.0  -90.4 2893.0
  10.1  -96.3 2917.0
  10.0 -100.5 2893.0
  10.0 -105.5 2893.0
  10.1 -111.4 2917.0
  10.2 -117.5 2942.0
  10.2 -122.6 2942.0
  10.3 -128.8 2967.0
  10.2 -132.8 2942.0
  10.2 -138.0 2942.0
  10.3 -144.3 2967.0
  10.3 -149.4 2967.0
  10.3 -154.6 2967.0
  15.3  122.6 2942.0
  15.3  117.5 2942.0
  15.3  112.4 2942.0
  15.3  107.3 2942.0
  15.3  102.2 2942.0
  15.3   97.1 2942.0
  15.3   92.0 2942.0
  15.3   86.9 2942.0
  15.3   81.7 2942.0
  15.2   76.0 2917.0
  15.2   70.9 2917.0
  15.2   65.9 2917.0
  15.2   60.8 2917.0
  15.1   55.3 2893.0
  15.2   50.7 2917.0
  15.1   45.2 2893.0
  15.1   40.2 2893.0
  15.2   35.5 2917.0
  15.1   30.1 2893.0
  15.1   25.1 2893.0
  15.1   20.1 2893.0
  15.1   15.1 2893.0
  15.1   10.0 2893.0
  15.1    5.0 2893.0
  14.9    0.0 2869.0
  14.9   -5.0 2869.0
  15.1  -10.0 2893.0
  15.1  -15.1 2893.0
  14.9  -19.9 2869.0
  15.1  -25.1 2893.0
  15.1  -30.1 2893.0
  15.1  -35.2 2893.0
  15.1  -40.2 2893.0
  15.1  -45.2 2893.0
  15.1  -50.2 2893.0
  15.1  -55.3 2893.0
  15.2  -60.8 2917.0
  15.2  -65.9 2917.0
  15.1  -70.3 2893.0
  15.1  -75.4 2893.0
  15.1  -80.4 2893.0
  15.1  -85.4 2893.0
  15.2  -91.2 2917.0
  15.2  -96.3 2917.0
  15.2 -101.3 2917.0
  15.2 -106.4 2917.0
  15.2 -111.4 2917.0
  15.3 -117.5 2942.0
  15.5 -123.7 2967.0
  15.5 -128.8 2967.0
  15.5 -134.0 2967.0
  15.5 -139.1 2967.0
  15.5 -144.3 2967.0
  20.4  122.6 2942.0
  20.4  117.5 2942.0
  20.4  112.4 2942.0
  20.4  107.3 2942.0
  20.4  102.2 2942.0
  20.6   97.9 2967.0
  20.4   92.0 2942.0
  20.4   86.9 2942.0
  20.3   81.1 2917.0
  20.3   76.0 2917.0
  20.3   70.9 2917.0
  20.3   65.9 2917.0
  20.3   60.8 2917.0
  20.1   55.3 2893.0
  20.3   50.7 2917.0
  20.3   45.6 2917.0
  20.3   40.5 2917.0
  20.3   35.5 2917.0
  20.3   30.4 2917.0
  20.1   25.1 2893.0
  20.1   20.1 2893.0
  20.1   15.1 2893.0
  20.1   10.0 2893.0
  20.1    5.0 2893.0
  20.1    0.0 2893.0
  20.1   -5.0 2893.0
  20.1  -10.0 2893.0
  20.1  -15.1 2893.0
  19.9  -19.9 2869.0
  20.1  -25.1 2893.0
  20.1  -30.1 2893.0
  20.1  -35.2 2893.0
  20.1  -40.2 2893.0
  20.1  -45.2 2893.0
  20.1  -50.2 2893.0
  20.1  -55.3 2893.0
  20.3  -60.8 2917.0
  20.3  -65.9 2917.0
  20.1  -70.3 2893.0
  20.1  -75.4 2893.0
  20.3  -81.1 2917.0
  20.3  -86.1 2917.0
  20.1  -90.4 2893.0
  20.3  -96.3 2917.0
  20.4 -102.2 2942.0
  20.4 -107.3 2942.0
  20.4 -112.4 2942.0
  20.6 -118.5 2967.0
  20.6 -123.7 2967.0
  20.6 -128.8 2967.0
  20.6 -134.0 2967.0
  20.6 -139.1 2967.0
  20.6 -144.3 2967.0
  25.5  122.6 2942.0
  25.5  117.5 2942.0
  25.3  111.4 2917.0
  25.5  107.3 2942.0
  25.5  102.2 2942.0
  25.5   97.1 2942.0
  25.5   92.0 2942.0
  25.5   86.9 2942.0
  25.5   81.7 2942.0
  25.3   76.0 2917.0
  25.5   71.5 2942.0
  25.3   65.9 2917.0
  25.3   60.8 2917.0
  25.3   55.7 2917.0
  25.3   50.7 2917.0
  25.3   45.6 2917.0
  25.3   40.5 2917.0
  25.3   35.5 2917.0
  25.3   30.4 2917.0
  25.1   25.1 2893.0
  25.1   20.1 2893.0
  25.1   15.1 2893.0
  25.1   10.0 2893.0
  25.1    5.0 2893.0
  25.1    0.0 2893.0
  25.1   -5.0 2893.0
  25.1  -10.0 2893.0
  25.1  -15.1 2893.0
  25.1  -20.1 2893.0
  25.1  -25.1 2893.0
  25.1  -30.1 2893.0
  25.1  -35.2 2893.0
  25.1  -40.2 2893.0
  25.1  -45.2 2893.0
  25.1  -50.2 2893.0
  25.3  -55.7 2917.0
  25.3  -60.8 2917.0
  25.3  -65.9 2917.0
  25.1  -70.3 2893.0
  25.1  -75.4 2893.0
  25.1  -80.4 2893.0
  25.3  -86.1 2917.0
  25.3  -91.2 2917.0
  25.5  -97.1 2942.0
  25.5 -102.2 2942.0
  25.5 -107.3 2942.0
  25.5 -112.4 2942.0
  25.8 -118.5 2967.0
  25.8 -123.7 2967.0
  25.8 -128.8 2967.0
  25.8 -134.0 2967.0
  25.8 -139.1 2967.0
  30.7  122.6 2942.0
  30.7  117.5 2942.0
  30.4  111.4 2917.0
  30.4  106.4 2917.0
  30.7  102.2 2942.0
  30.7   97.1 2942.0
  30.7   92.0 2942.0
  30.7   86.9 2942.0
  30.7   81.7 2942.0
  30.4   76.0 2917.0
  30.7   71.5 2942.0
  30.4   65.9 2917.0
  30.1   60.3 2893.0
  30.1   55.3 2893.0
  30.1   50.2 2893.0
  30.1   45.2 2893.0
  30.1   40.2 2893.0
  30.1   35.2 2893.0
  30.1   30.1 2893.0
  30.1   25.1 2893.0
  30.1   20.1 2893.0
  30.1   15.1 2893.0
  30.1   10.0 2893.0
  30.1    5.0 2893.0
  30.1    0.0 2893.0
  30.1   -5.0 2893.0
  30.1  -10.0 2893.0
  30.1  -15.1 2893.0
  30.1  -20.1 2893.0
  30.1  -25.1 2893.0
  30.1  -30.1 2893.0
  30.1  -35.2 2893.0
  30.4  -40.5 2917.0
  30.4  -45.6 2917.0
  30.4  -50.7 2917.0
  30.4  -55.7 2917.0
  30.4  -60.8 2917.0
  30.4  -65.9 2917.0
  30.4  -70.9 2917.0
  30.1  -75.4 2893.0
  30.4  -81.1 2917.0
  30.4  -86.1 2917.0
  30.4  -91.2 2917.0
  30.7  -97.1 2942.0
  30.7 -102.2 2942.0
  30.7 -107.3 2942.0
  30.9 -113.4 2967.0
  30.9 -118.5 2967.0
  30.9 -123.7 2967.0
  30.9 -128.8 2967.0
  30.9 -134.0 2967.0
  30.9 -139.1 2967.0
  35.5  116.5 2917.0
  35.5  111.4 2917.0
  35.5  106.4 2917.0
  35.8  102.2 2942.0
  35.8   97.1 2942.0
  35.8   92.0 2942.0
  35.8   86.9 2942.0
  35.8   81.7 2942.0
  35.8   76.6 2942.0
  35.8   71.5 2942.0
  35.5   65.9 2917.0
  35.5   60.8 2917.0
  35.5   55.7 2917.0
  35.5   50.7 2917.0
  35.5   45.6 2917.0
  35.5   40.5 2917.0
  35.5   35.5 2917.0
  35.2   30.1 2893.0
  35.5   25.3 2917.0
  35.5   20.3 2917.0
  35.2   15.1 2893.0
  35.2   10.0 2893.0
  35.2    5.0 2893.0
  35.2    0.0 2893.0
  35.2   -5.0 2893.0
  35.2  -10.0 2893.0
  35.2  -15.1 2893.0
  35.2  -20.1 2893.0
  35.2  -25.1 2893.0
  35.2  -30.1 2893.0
  35.2  -35.2 2893.0
  35.2  -40.2 2893.0
  35.5  -45.6 2917.0
  35.2  -50.2 2893.0
  35.5  -55.7 2917.0
  35.5  -60.8 2917.0
  35.5  -65.9 2917.0
  35.5  -70.9 2917.0
  35.5  -76.0 2917.0
  35.5  -81.1 2917.0
  35.5  -86.1 2917.0
  35.8  -92.0 2942.0
  35.8  -97.1 2942.0
  35.8 -102.2 2942.0
  36.1 -108.2 2967.0
  36.1 -113.4 2967.0
  36.1 -118.5 2967.0
  36.1 -123.7 2967.0
  36.1 -128.8 2967.0
  36.1 -134.0 2967.0
  40.5  116.5 2917.0
  40.5  111.4 2917.0
  40.2  105.5 2893.0
  40.5  101.3 2917.0
  40.5   96.3 2917.0
  40.5   91.2 2917.0
  40.9   86.9 2942.0
  40.9   81.7 2942.0
  40.9   76.6 2942.0
  40.9   71.5 2942.0
  40.9   66.4 2942.0
  40.5   60.8 2917.0
  40.5   55.7 2917.0
  40.5   50.7 2917.0
  40.5   45.6 2917.0
  40.5   40.5 2917.0
  40.5   35.5 2917.0
  40.2   30.1 2893.0
  40.2   25.1 2893.0
  40.2   20.1 2893.0
  40.2   15.1 2893.0
  40.2   10.0 2893.0
  40.2    5.0 2893.0
  40.2    0.0 2893.0
  40.2   -5.0 2893.0
  40.2  -10.0 2893.0
  40.2  -15.1 2893.0
  40.2  -20.1 2893.0
  40.2  -25.1 2893.0
  40.2  -30.1 2893.0
  40.2  -35.2 2893.0
  40.5  -40.5 2917.0
  40.5  -45.6 2917.0
  40.5  -50.7 2917.0
  40.5  -55.7 2917.0
  40.5  -60.8 2917.0
  40.5  -65.9 2917.0
  40.5  -70.9 2917.0
  40.5  -76.0 2917.0
  40.5  -81.1 2917.0
  40.5  -86.1 2917.0
  40.9  -92.0 2942.0
  40.9  -97.1 2942.0
  40.9 -102.2 2942.0
  41.2 -108.2 2967.0
  41.2 -113.4 2967.0
  41.2 -118.5 2967.0
  41.6 -124.7 2993.0
  41.6 -129.9 2993.0
  41.2 -134.0 2967.0
  45.2  110.5 2893.0
  45.2  105.5 2893.0
  45.6  101.3 2917.0
  45.6   96.3 2917.0
  45.6   91.2 2917.0
  46.0   86.9 2942.0
  46.0   81.7 2942.0
  46.0   76.6 2942.0
  46.0   71.5 2942.0
  46.0   66.4 2942.0
  46.0   61.3 2942.0
  45.6   55.7 2917.0
  45.6   50.7 2917.0
  45.6   45.6 2917.0
  45.6   40.5 2917.0
  45.6   35.5 2917.0
  45.2   30.1 2893.0
  45.2   25.1 2893.0
  45.2   20.1 2893.0
  45.2   15.1 2893.0
  45.2   10.0 2893.0
  45.2    5.0 2893.0
  45.2    0.0 2893.0
  45.2   -5.0 2893.0
  45.2  -10.0 2893.0
  45.2  -15.1 2893.0
  45.2  -20.1 2893.0
  45.2  -25.1 2893.0
  45.2  -30.1 2893.0
  45.2  -35.2 2893.0
  45.2  -40.2 2893.0
  45.2  -45.2 2893.0
  45.2  -50.2 2893.0
  45.6  -55.7 2917.0
  45.6  -60.8 2917.0
  45.2  -65.3 2893.0
  45.6  -70.9 2917.0
  45.6  -76.0 2917.0
  45.6  -81.1 2917.0
  46.0  -86.9 2942.0
  46.0  -92.0 2942.0
  46.4  -97.9 2967.0
  46.4 -103.1 2967.0
  46.4 -108.2 2967.0
  46.4 -113.4 2967.0
  46.4 -118.5 2967.0
  46.4 -123.7 2967.0
  46.4 -128.8 2967.0
  50.7  101.3 2917.0
  50.7   96.3 2917.0
  50.7   91.2 2917.0
  51.1   86.9 2942.0
  51.1   81.7 2942.0
  51.1   76.6 2942.0
  51.1   71.5 2942.0
  51.1   66.4 2942.0
  51.1   61.3 2942.0
  51.1   56.2 2942.0
  50.7   50.7 2917.0
  50.7   45.6 2917.0
  50.7   40.5 2917.0
  50.7   35.5 2917.0
  50.7   30.4 2917.0
  50.7   25.3 2917.0
  50.7   20.3 2917.0
  50.2   15.1 2893.0
  50.2   10.0 2893.0
  50.2    5.0 2893.0
  50.2    0.0 2893.0
  50.2   -5.0 2893.0
  50.2  -10.0 2893.0
  50.2  -15.1 2893.0
  50.2  -20.1 2893.0
  50.2  -25.1 2893.0
  50.2  -30.1 2893.0
  50.2  -35.2 2893.0
  50.2  -40.2 2893.0
  50.7  -45.6 2917.0
  50.7  -50.7 2917.0
  50.7  -55.7 2917.0
  50.7  -60.8 2917.0
  50.7  -65.9 2917.0
  50.7  -70.9 2917.0
  50.7  -76.0 2917.0
  51.1  -81.7 2942.0
  51.1  -86.9 2942.0
  51.1  -92.0 2942.0
  51.5  -97.9 2967.0
  51.5 -103.1 2967.0
  51.5 -108.2 2967.0
  51.5 -113.4 2967.0
  51.5 -118.5 2967.0
  51.5 -123.7 2967.0
  51.5 -128.8 2967.0
  55.7   96.3 2917.0
  55.7   91.2 2917.0
  56.7   87.6 2967.0
  56.2   81.7 2942.0
  56.7   77.3 2967.0
  56.2   71.5 2942.0
  56.2   66.4 2942.0
  56.2   61.3 2942.0
  56.2   56.2 2942.0
  56.2   51.1 2942.0
  56.2   46.0 2942.0
  56.2   40.9 2942.0
  55.7   35.5 2917.0
  55.7   30.4 2917.0
  55.7   25.3 2917.0
  55.7   20.3 2917.0
  55.3   15.1 2893.0
  55.7   10.1 2917.0
  55.7    5.1 2917.0
  55.7    0.0 2917.0
  55.7   -5.1 2917.0
  55.7  -10.1 2917.0
  55.7  -15.2 2917.0
  55.7  -20.3 2917.0
  55.7  -25.3 2917.0
  55.7  -30.4 2917.0
  55.7  -35.5 2917.0
  55.7  -40.5 2917.0
  55.7  -45.6 2917.0
  55.7  -50.7 2917.0
  55.7  -55.7 2917.0
  55.7  -60.8 2917.0
  55.7  -65.9 2917.0
  55.7  -70.9 2917.0
  56.2  -76.6 2942.0
  56.2  -81.7 2942.0
  56.7  -87.6 2967.0
  56.7  -92.7 2967.0
  56.7  -97.9 2967.0
  56.7 -103.1 2967.0
  56.7 -108.2 2967.0
  57.2 -114.4 2993.0
  56.7 -118.5 2967.0
  56.7 -123.7 2967.0
  61.8   92.7 2967.0
  61.8   87.6 2967.0
  61.8   82.4 2967.0
  61.8   77.3 2967.0
  61.8   72.1 2967.0
  61.8   67.0 2967.0
  61.8   61.8 2967.0
  61.8   56.7 2967.0
  61.3   51.1 2942.0
  61.3   46.0 2942.0
  61.3   40.9 2942.0
  61.3   35.8 2942.0
  60.8   30.4 2917.0
  60.8   25.3 2917.0
  60.8   20.3 2917.0
  60.8   15.2 2917.0
  61.3   10.2 2942.0
  61.3    5.1 2942.0
  61.3    0.0 2942.0
  61.3   -5.1 2942.0
  61.3  -10.2 2942.0
  61.3  -15.3 2942.0
  61.3  -20.4 2942.0
  61.3  -25.5 2942.0
  60.8  -30.4 2917.0
  60.8  -35.5 2917.0
  60.8  -40.5 2917.0
  60.8  -45.6 2917.0
  60.8  -50.7 2917.0
  60.8  -55.7 2917.0
  60.8  -60.8 2917.0
  60.8  -65.9 2917.0
  60.8  -70.9 2917.0
  61.3  -76.6 2942.0
  61.3  -81.7 2942.0
  61.3  -86.9 2942.0
  61.3  -92.0 2942.0
  61.8  -97.9 2967.0
  61.8 -103.1 2967.0
  61.8 -108.2 2967.0
  61.8 -113.4 2967.0
  61.8 -118.5 2967.0
  67.0   87.6 2967.0
  67.0   82.4 2967.0
  67.0   77.3 2967.0
  67.0   72.1 2967.0
  67.0   67.0 2967.0
  67.0   61.8 2967.0
  67.0   56.7 2967.0
  66.4   51.1 2942.0
  66.4   46.0 2942.0
  66.4   40.9 2942.0
  66.4   35.8 2942.0
  66.4   30.7 2942.0
  65.9   25.3 2917.0
  65.9   20.3 2917.0
  65.9   15.2 2917.0
  65.9   10.1 2917.0
  65.9    5.1 2917.0
  65.9    0.0 2917.0
  65.9   -5.1 2917.0
  66.4  -10.2 2942.0
  66.4  -15.3 2942.0
  66.4  -20.4 2942.0
  66.4  -25.5 2942.0
  65.9  -30.4 2917.0
  65.9  -35.5 2917.0
  65.9  -40.5 2917.0
  65.9  -45.6 2917.0
  65.9  -50.7 2917.0
  65.9  -55.7 2917.0
  66.4  -61.3 2942.0
  65.9  -65.9 2917.0
  66.4  -71.5 2942.0
  66.4  -76.6 2942.0
  67.0  -82.4 2967.0
  67.0  -87.6 2967.0
  67.0  -92.7 2967.0
  67.0  -97.9 2967.0
  66.4 -102.2 2942.0
  66.4 -107.3 2942.0
  67.0 -113.4 2967.0
  67.0 -118.5 2967.0
  72.8   83.2 2993.0
  72.1   77.3 2967.0
  72.1   72.1 2967.0
  72.1   67.0 2967.0
  72.1   61.8 2967.0
  72.1   56.7 2967.0
  71.5   51.1 2942.0
  71.5   46.0 2942.0
  71.5   40.9 2942.0
  71.5   35.8 2942.0
  71.5   30.7 2942.0
  70.9   25.3 2917.0
  70.9   20.3 2917.0
  70.9   15.2 2917.0
  71.5   10.2 2942.0
  71.5    5.1 2942.0
  71.5    0.0 2942.0
  71.5   -5.1 2942.0
  71.5  -10.2 2942.0
  71.5  -15.3 2942.0
  71.5  -20.4 2942.0
  71.5  -25.5 2942.0
  71.5  -30.7 2942.0
  70.9  -35.5 2917.0
  70.9  -40.5 2917.0
  70.9  -45.6 2917.0
  70.9  -50.7 2917.0
  70.9  -55.7 2917.0
  71.5  -61.3 2942.0
  71.5  -66.4 2942.0
  71.5  -71.5 2942.0
  72.1  -77.3 2967.0
  72.1  -82.4 2967.0
  72.1  -87.6 2967.0
  72.1  -92.7 2967.0
  72.1  -97.9 2967.0
  71.5 -102.2 2942.0
  71.5 -107.3 2942.0
  78.0   83.2 2993.0
  77.3   77.3 2967.0
  77.3   72.1 2967.0
  77.3   67.0 2967.0
  77.3   61.8 2967.0
  76.6   56.2 2942.0
  76.0   50.7 2917.0
  76.0   45.6 2917.0
  76.6   40.9 2942.0
  76.6   35.8 2942.0
  76.6   30.7 2942.0
  76.0   25.3 2917.0
  76.0   20.3 2917.0
  76.0   15.2 2917.0
  76.6   10.2 2942.0
  76.6    5.1 2942.0
  76.6    0.0 2942.0
  76.6   -5.1 2942.0
  76.6  -10.2 2942.0
  76.6  -15.3 2942.0
  76.6  -20.4 2942.0
  76.6  -25.5 2942.0
  76.6  -30.7 2942.0
  76.6  -35.8 2942.0
  76.6  -40.9 2942.0
  76.6  -46.0 2942.0
  76.6  -51.1 2942.0
  76.6  -56.2 2942.0
  76.6  -61.3 2942.0
  76.6  -66.4 2942.0
  77.3  -72.1 2967.0
  77.3  -77.3 2967.0
  77.3  -82.4 2967.0
  77.3  -87.6 2967.0
  86.2   75.4 3101.0
  82.4   67.0 2967.0
  82.4   61.8 2967.0
  82.4   56.7 2967.0
  81.7   51.1 2942.0
  81.1   45.6 2917.0
  81.7   40.9 2942.0
  81.7   35.8 2942.0
  81.1   30.4 2917.0
  81.1   25.3 2917.0
  80.4   20.1 2893.0
  81.1   15.2 2917.0
  81.7   10.2 2942.0
  81.7    5.1 2942.0
  81.7    0.0 2942.0
  81.7   -5.1 2942.0
  81.7  -10.2 2942.0
  81.7  -15.3 2942.0
  81.7  -20.4 2942.0
  81.7  -25.5 2942.0
  81.7  -30.7 2942.0
  81.7  -35.8 2942.0
  81.7  -40.9 2942.0
  81.7  -46.0 2942.0
  81.7  -51.1 2942.0
  81.7  -56.2 2942.0
  82.4  -61.8 2967.0
  82.4  -67.0 2967.0
  82.4  -72.1 2967.0
  82.4  -77.3 2967.0
  82.4  -82.4 2967.0
  82.4  -87.6 2967.0
  87.6   56.7 2967.0
  86.9   51.1 2942.0
  86.1   45.6 2917.0
  86.9   40.9 2942.0
  86.9   35.8 2942.0
  86.9   30.7 2942.0
  86.1   25.3 2917.0
  86.1   20.3 2917.0
  86.1   15.2 2917.0
  86.9   10.2 2942.0
  86.9    5.1 2942.0
  86.1    0.0 2917.0
  86.1   -5.1 2917.0
  86.9  -10.2 2942.0
  86.9  -15.3 2942.0
  86.9  -20.4 2942.0
  87.6  -25.8 2967.0
  86.9  -30.7 2942.0
  86.9  -35.8 2942.0
  86.9  -40.9 2942.0
  87.6  -46.4 2967.0
  87.6  -51.5 2967.0
  86.9  -56.2 2942.0
  87.6  -61.8 2967.0
  86.9  -66.4 2942.0
  87.6  -72.1 2967.0
  87.6  -77.3 2967.0
  91.2   45.6 2917.0
  92.0   40.9 2942.0
  92.0   35.8 2942.0
  92.0   30.7 2942.0
  91.2   25.3 2917.0
  91.2   20.3 2917.0
  92.0   15.3 2942.0
  92.0   10.2 2942.0
  92.7    5.2 2967.0
  92.0    0.0 2942.0
  92.0   -5.1 2942.0
  92.0  -10.2 2942.0
  92.0  -15.3 2942.0
  92.7  -20.6 2967.0
  92.7  -25.8 2967.0
  92.7  -30.9 2967.0
  91.2  -35.5 2917.0
  92.7  -41.2 2967.0
  92.7  -46.4 2967.0
  92.7  -51.5 2967.0
  92.0  -56.2 2942.0
  92.7  -61.8 2967.0
  92.7  -67.0 2967.0
  92.7  -72.1 2967.0
  97.1   35.8 2942.0
  97.1   30.7 2942.0
  96.3   25.3 2917.0
  96.3   20.3 2917.0
  97.1   15.3 2942.0
  97.9   10.3 2967.0
  98.8    5.2 2993.0
  97.9    0.0 2967.0
  97.1   -5.1 2942.0
  97.9  -10.3 2967.0
  97.9  -15.5 2967.0
  97.1  -20.4 2942.0
  97.1  -25.5 2942.0
  97.1  -30.7 2942.0
  96.3  -35.5 2917.0
  97.9  -41.2 2967.0
  97.9  -46.4 2967.0
  97.9  -51.5 2967.0
  97.1  -56.2 2942.0
  97.9  -61.8 2967.0
  97.1  -66.4 2942.0
 103.1   10.3 2967.0
 103.1    0.0 2967.0
 100.5   -5.0 2893.0
 100.5  -10.0 2893.0
 101.3  -15.2 2917.0
 103.1  -30.9 2967.0
 103.1  -51.5 2967.0
 102.2  -56.2 2942.0
 103.1  -61.8 2967.0
 103.1  -67.0 2967.0
